A = [0.8,0.2;0.2,0.8];
pi